#TREATMENT-PLAN-DESCRIPTION
#PlanName
QAfield
#NumberOfFractions
1
##FractionID
1
##NumberOfFields
1
###FieldsID
1
#TotalMetersetWeightOfAllFields
1681
#FIELD-DESCRIPTION
###FieldID
1
###FinalCumulativeMetersetWeight
1681
###GantryAngle
0
###PatientSupportAngle
0
###IsocentrePosition
0 0 0 
###NumberOfControlPoints
1
#SPOTS-DESCRIPTION
####ControlPointIndex
0
####SpotTunnedID
4.0
####CumulativeMetersetWeight
0
####Energy (MeV)
200
####NbOfScannedSpots
1681
####X Y Weight
-50.0 -50.0 1
-50.0 -47.5 1
-50.0 -45.0 1
-50.0 -42.5 1
-50.0 -40.0 1
-50.0 -37.5 1
-50.0 -35.0 1
-50.0 -32.5 1
-50.0 -30.0 1
-50.0 -27.5 1
-50.0 -25.0 1
-50.0 -22.5 1
-50.0 -20.0 1
-50.0 -17.5 1
-50.0 -15.0 1
-50.0 -12.5 1
-50.0 -10.0 1
-50.0 -7.5 1
-50.0 -5.0 1
-50.0 -2.5 1
-50.0 0.0 1
-50.0 2.5 1
-50.0 5.0 1
-50.0 7.5 1
-50.0 10.0 1
-50.0 12.5 1
-50.0 15.0 1
-50.0 17.5 1
-50.0 20.0 1
-50.0 22.5 1
-50.0 25.0 1
-50.0 27.5 1
-50.0 30.0 1
-50.0 32.5 1
-50.0 35.0 1
-50.0 37.5 1
-50.0 40.0 1
-50.0 42.5 1
-50.0 45.0 1
-50.0 47.5 1
-50.0 50.0 1
-47.5 -50.0 1
-47.5 -47.5 1
-47.5 -45.0 1
-47.5 -42.5 1
-47.5 -40.0 1
-47.5 -37.5 1
-47.5 -35.0 1
-47.5 -32.5 1
-47.5 -30.0 1
-47.5 -27.5 1
-47.5 -25.0 1
-47.5 -22.5 1
-47.5 -20.0 1
-47.5 -17.5 1
-47.5 -15.0 1
-47.5 -12.5 1
-47.5 -10.0 1
-47.5 -7.5 1
-47.5 -5.0 1
-47.5 -2.5 1
-47.5 0.0 1
-47.5 2.5 1
-47.5 5.0 1
-47.5 7.5 1
-47.5 10.0 1
-47.5 12.5 1
-47.5 15.0 1
-47.5 17.5 1
-47.5 20.0 1
-47.5 22.5 1
-47.5 25.0 1
-47.5 27.5 1
-47.5 30.0 1
-47.5 32.5 1
-47.5 35.0 1
-47.5 37.5 1
-47.5 40.0 1
-47.5 42.5 1
-47.5 45.0 1
-47.5 47.5 1
-47.5 50.0 1
-45.0 -50.0 1
-45.0 -47.5 1
-45.0 -45.0 1
-45.0 -42.5 1
-45.0 -40.0 1
-45.0 -37.5 1
-45.0 -35.0 1
-45.0 -32.5 1
-45.0 -30.0 1
-45.0 -27.5 1
-45.0 -25.0 1
-45.0 -22.5 1
-45.0 -20.0 1
-45.0 -17.5 1
-45.0 -15.0 1
-45.0 -12.5 1
-45.0 -10.0 1
-45.0 -7.5 1
-45.0 -5.0 1
-45.0 -2.5 1
-45.0 0.0 1
-45.0 2.5 1
-45.0 5.0 1
-45.0 7.5 1
-45.0 10.0 1
-45.0 12.5 1
-45.0 15.0 1
-45.0 17.5 1
-45.0 20.0 1
-45.0 22.5 1
-45.0 25.0 1
-45.0 27.5 1
-45.0 30.0 1
-45.0 32.5 1
-45.0 35.0 1
-45.0 37.5 1
-45.0 40.0 1
-45.0 42.5 1
-45.0 45.0 1
-45.0 47.5 1
-45.0 50.0 1
-42.5 -50.0 1
-42.5 -47.5 1
-42.5 -45.0 1
-42.5 -42.5 1
-42.5 -40.0 1
-42.5 -37.5 1
-42.5 -35.0 1
-42.5 -32.5 1
-42.5 -30.0 1
-42.5 -27.5 1
-42.5 -25.0 1
-42.5 -22.5 1
-42.5 -20.0 1
-42.5 -17.5 1
-42.5 -15.0 1
-42.5 -12.5 1
-42.5 -10.0 1
-42.5 -7.5 1
-42.5 -5.0 1
-42.5 -2.5 1
-42.5 0.0 1
-42.5 2.5 1
-42.5 5.0 1
-42.5 7.5 1
-42.5 10.0 1
-42.5 12.5 1
-42.5 15.0 1
-42.5 17.5 1
-42.5 20.0 1
-42.5 22.5 1
-42.5 25.0 1
-42.5 27.5 1
-42.5 30.0 1
-42.5 32.5 1
-42.5 35.0 1
-42.5 37.5 1
-42.5 40.0 1
-42.5 42.5 1
-42.5 45.0 1
-42.5 47.5 1
-42.5 50.0 1
-40.0 -50.0 1
-40.0 -47.5 1
-40.0 -45.0 1
-40.0 -42.5 1
-40.0 -40.0 1
-40.0 -37.5 1
-40.0 -35.0 1
-40.0 -32.5 1
-40.0 -30.0 1
-40.0 -27.5 1
-40.0 -25.0 1
-40.0 -22.5 1
-40.0 -20.0 1
-40.0 -17.5 1
-40.0 -15.0 1
-40.0 -12.5 1
-40.0 -10.0 1
-40.0 -7.5 1
-40.0 -5.0 1
-40.0 -2.5 1
-40.0 0.0 1
-40.0 2.5 1
-40.0 5.0 1
-40.0 7.5 1
-40.0 10.0 1
-40.0 12.5 1
-40.0 15.0 1
-40.0 17.5 1
-40.0 20.0 1
-40.0 22.5 1
-40.0 25.0 1
-40.0 27.5 1
-40.0 30.0 1
-40.0 32.5 1
-40.0 35.0 1
-40.0 37.5 1
-40.0 40.0 1
-40.0 42.5 1
-40.0 45.0 1
-40.0 47.5 1
-40.0 50.0 1
-37.5 -50.0 1
-37.5 -47.5 1
-37.5 -45.0 1
-37.5 -42.5 1
-37.5 -40.0 1
-37.5 -37.5 1
-37.5 -35.0 1
-37.5 -32.5 1
-37.5 -30.0 1
-37.5 -27.5 1
-37.5 -25.0 1
-37.5 -22.5 1
-37.5 -20.0 1
-37.5 -17.5 1
-37.5 -15.0 1
-37.5 -12.5 1
-37.5 -10.0 1
-37.5 -7.5 1
-37.5 -5.0 1
-37.5 -2.5 1
-37.5 0.0 1
-37.5 2.5 1
-37.5 5.0 1
-37.5 7.5 1
-37.5 10.0 1
-37.5 12.5 1
-37.5 15.0 1
-37.5 17.5 1
-37.5 20.0 1
-37.5 22.5 1
-37.5 25.0 1
-37.5 27.5 1
-37.5 30.0 1
-37.5 32.5 1
-37.5 35.0 1
-37.5 37.5 1
-37.5 40.0 1
-37.5 42.5 1
-37.5 45.0 1
-37.5 47.5 1
-37.5 50.0 1
-35.0 -50.0 1
-35.0 -47.5 1
-35.0 -45.0 1
-35.0 -42.5 1
-35.0 -40.0 1
-35.0 -37.5 1
-35.0 -35.0 1
-35.0 -32.5 1
-35.0 -30.0 1
-35.0 -27.5 1
-35.0 -25.0 1
-35.0 -22.5 1
-35.0 -20.0 1
-35.0 -17.5 1
-35.0 -15.0 1
-35.0 -12.5 1
-35.0 -10.0 1
-35.0 -7.5 1
-35.0 -5.0 1
-35.0 -2.5 1
-35.0 0.0 1
-35.0 2.5 1
-35.0 5.0 1
-35.0 7.5 1
-35.0 10.0 1
-35.0 12.5 1
-35.0 15.0 1
-35.0 17.5 1
-35.0 20.0 1
-35.0 22.5 1
-35.0 25.0 1
-35.0 27.5 1
-35.0 30.0 1
-35.0 32.5 1
-35.0 35.0 1
-35.0 37.5 1
-35.0 40.0 1
-35.0 42.5 1
-35.0 45.0 1
-35.0 47.5 1
-35.0 50.0 1
-32.5 -50.0 1
-32.5 -47.5 1
-32.5 -45.0 1
-32.5 -42.5 1
-32.5 -40.0 1
-32.5 -37.5 1
-32.5 -35.0 1
-32.5 -32.5 1
-32.5 -30.0 1
-32.5 -27.5 1
-32.5 -25.0 1
-32.5 -22.5 1
-32.5 -20.0 1
-32.5 -17.5 1
-32.5 -15.0 1
-32.5 -12.5 1
-32.5 -10.0 1
-32.5 -7.5 1
-32.5 -5.0 1
-32.5 -2.5 1
-32.5 0.0 1
-32.5 2.5 1
-32.5 5.0 1
-32.5 7.5 1
-32.5 10.0 1
-32.5 12.5 1
-32.5 15.0 1
-32.5 17.5 1
-32.5 20.0 1
-32.5 22.5 1
-32.5 25.0 1
-32.5 27.5 1
-32.5 30.0 1
-32.5 32.5 1
-32.5 35.0 1
-32.5 37.5 1
-32.5 40.0 1
-32.5 42.5 1
-32.5 45.0 1
-32.5 47.5 1
-32.5 50.0 1
-30.0 -50.0 1
-30.0 -47.5 1
-30.0 -45.0 1
-30.0 -42.5 1
-30.0 -40.0 1
-30.0 -37.5 1
-30.0 -35.0 1
-30.0 -32.5 1
-30.0 -30.0 1
-30.0 -27.5 1
-30.0 -25.0 1
-30.0 -22.5 1
-30.0 -20.0 1
-30.0 -17.5 1
-30.0 -15.0 1
-30.0 -12.5 1
-30.0 -10.0 1
-30.0 -7.5 1
-30.0 -5.0 1
-30.0 -2.5 1
-30.0 0.0 1
-30.0 2.5 1
-30.0 5.0 1
-30.0 7.5 1
-30.0 10.0 1
-30.0 12.5 1
-30.0 15.0 1
-30.0 17.5 1
-30.0 20.0 1
-30.0 22.5 1
-30.0 25.0 1
-30.0 27.5 1
-30.0 30.0 1
-30.0 32.5 1
-30.0 35.0 1
-30.0 37.5 1
-30.0 40.0 1
-30.0 42.5 1
-30.0 45.0 1
-30.0 47.5 1
-30.0 50.0 1
-27.5 -50.0 1
-27.5 -47.5 1
-27.5 -45.0 1
-27.5 -42.5 1
-27.5 -40.0 1
-27.5 -37.5 1
-27.5 -35.0 1
-27.5 -32.5 1
-27.5 -30.0 1
-27.5 -27.5 1
-27.5 -25.0 1
-27.5 -22.5 1
-27.5 -20.0 1
-27.5 -17.5 1
-27.5 -15.0 1
-27.5 -12.5 1
-27.5 -10.0 1
-27.5 -7.5 1
-27.5 -5.0 1
-27.5 -2.5 1
-27.5 0.0 1
-27.5 2.5 1
-27.5 5.0 1
-27.5 7.5 1
-27.5 10.0 1
-27.5 12.5 1
-27.5 15.0 1
-27.5 17.5 1
-27.5 20.0 1
-27.5 22.5 1
-27.5 25.0 1
-27.5 27.5 1
-27.5 30.0 1
-27.5 32.5 1
-27.5 35.0 1
-27.5 37.5 1
-27.5 40.0 1
-27.5 42.5 1
-27.5 45.0 1
-27.5 47.5 1
-27.5 50.0 1
-25.0 -50.0 1
-25.0 -47.5 1
-25.0 -45.0 1
-25.0 -42.5 1
-25.0 -40.0 1
-25.0 -37.5 1
-25.0 -35.0 1
-25.0 -32.5 1
-25.0 -30.0 1
-25.0 -27.5 1
-25.0 -25.0 1
-25.0 -22.5 1
-25.0 -20.0 1
-25.0 -17.5 1
-25.0 -15.0 1
-25.0 -12.5 1
-25.0 -10.0 1
-25.0 -7.5 1
-25.0 -5.0 1
-25.0 -2.5 1
-25.0 0.0 1
-25.0 2.5 1
-25.0 5.0 1
-25.0 7.5 1
-25.0 10.0 1
-25.0 12.5 1
-25.0 15.0 1
-25.0 17.5 1
-25.0 20.0 1
-25.0 22.5 1
-25.0 25.0 1
-25.0 27.5 1
-25.0 30.0 1
-25.0 32.5 1
-25.0 35.0 1
-25.0 37.5 1
-25.0 40.0 1
-25.0 42.5 1
-25.0 45.0 1
-25.0 47.5 1
-25.0 50.0 1
-22.5 -50.0 1
-22.5 -47.5 1
-22.5 -45.0 1
-22.5 -42.5 1
-22.5 -40.0 1
-22.5 -37.5 1
-22.5 -35.0 1
-22.5 -32.5 1
-22.5 -30.0 1
-22.5 -27.5 1
-22.5 -25.0 1
-22.5 -22.5 1
-22.5 -20.0 1
-22.5 -17.5 1
-22.5 -15.0 1
-22.5 -12.5 1
-22.5 -10.0 1
-22.5 -7.5 1
-22.5 -5.0 1
-22.5 -2.5 1
-22.5 0.0 1
-22.5 2.5 1
-22.5 5.0 1
-22.5 7.5 1
-22.5 10.0 1
-22.5 12.5 1
-22.5 15.0 1
-22.5 17.5 1
-22.5 20.0 1
-22.5 22.5 1
-22.5 25.0 1
-22.5 27.5 1
-22.5 30.0 1
-22.5 32.5 1
-22.5 35.0 1
-22.5 37.5 1
-22.5 40.0 1
-22.5 42.5 1
-22.5 45.0 1
-22.5 47.5 1
-22.5 50.0 1
-20.0 -50.0 1
-20.0 -47.5 1
-20.0 -45.0 1
-20.0 -42.5 1
-20.0 -40.0 1
-20.0 -37.5 1
-20.0 -35.0 1
-20.0 -32.5 1
-20.0 -30.0 1
-20.0 -27.5 1
-20.0 -25.0 1
-20.0 -22.5 1
-20.0 -20.0 1
-20.0 -17.5 1
-20.0 -15.0 1
-20.0 -12.5 1
-20.0 -10.0 1
-20.0 -7.5 1
-20.0 -5.0 1
-20.0 -2.5 1
-20.0 0.0 1
-20.0 2.5 1
-20.0 5.0 1
-20.0 7.5 1
-20.0 10.0 1
-20.0 12.5 1
-20.0 15.0 1
-20.0 17.5 1
-20.0 20.0 1
-20.0 22.5 1
-20.0 25.0 1
-20.0 27.5 1
-20.0 30.0 1
-20.0 32.5 1
-20.0 35.0 1
-20.0 37.5 1
-20.0 40.0 1
-20.0 42.5 1
-20.0 45.0 1
-20.0 47.5 1
-20.0 50.0 1
-17.5 -50.0 1
-17.5 -47.5 1
-17.5 -45.0 1
-17.5 -42.5 1
-17.5 -40.0 1
-17.5 -37.5 1
-17.5 -35.0 1
-17.5 -32.5 1
-17.5 -30.0 1
-17.5 -27.5 1
-17.5 -25.0 1
-17.5 -22.5 1
-17.5 -20.0 1
-17.5 -17.5 1
-17.5 -15.0 1
-17.5 -12.5 1
-17.5 -10.0 1
-17.5 -7.5 1
-17.5 -5.0 1
-17.5 -2.5 1
-17.5 0.0 1
-17.5 2.5 1
-17.5 5.0 1
-17.5 7.5 1
-17.5 10.0 1
-17.5 12.5 1
-17.5 15.0 1
-17.5 17.5 1
-17.5 20.0 1
-17.5 22.5 1
-17.5 25.0 1
-17.5 27.5 1
-17.5 30.0 1
-17.5 32.5 1
-17.5 35.0 1
-17.5 37.5 1
-17.5 40.0 1
-17.5 42.5 1
-17.5 45.0 1
-17.5 47.5 1
-17.5 50.0 1
-15.0 -50.0 1
-15.0 -47.5 1
-15.0 -45.0 1
-15.0 -42.5 1
-15.0 -40.0 1
-15.0 -37.5 1
-15.0 -35.0 1
-15.0 -32.5 1
-15.0 -30.0 1
-15.0 -27.5 1
-15.0 -25.0 1
-15.0 -22.5 1
-15.0 -20.0 1
-15.0 -17.5 1
-15.0 -15.0 1
-15.0 -12.5 1
-15.0 -10.0 1
-15.0 -7.5 1
-15.0 -5.0 1
-15.0 -2.5 1
-15.0 0.0 1
-15.0 2.5 1
-15.0 5.0 1
-15.0 7.5 1
-15.0 10.0 1
-15.0 12.5 1
-15.0 15.0 1
-15.0 17.5 1
-15.0 20.0 1
-15.0 22.5 1
-15.0 25.0 1
-15.0 27.5 1
-15.0 30.0 1
-15.0 32.5 1
-15.0 35.0 1
-15.0 37.5 1
-15.0 40.0 1
-15.0 42.5 1
-15.0 45.0 1
-15.0 47.5 1
-15.0 50.0 1
-12.5 -50.0 1
-12.5 -47.5 1
-12.5 -45.0 1
-12.5 -42.5 1
-12.5 -40.0 1
-12.5 -37.5 1
-12.5 -35.0 1
-12.5 -32.5 1
-12.5 -30.0 1
-12.5 -27.5 1
-12.5 -25.0 1
-12.5 -22.5 1
-12.5 -20.0 1
-12.5 -17.5 1
-12.5 -15.0 1
-12.5 -12.5 1
-12.5 -10.0 1
-12.5 -7.5 1
-12.5 -5.0 1
-12.5 -2.5 1
-12.5 0.0 1
-12.5 2.5 1
-12.5 5.0 1
-12.5 7.5 1
-12.5 10.0 1
-12.5 12.5 1
-12.5 15.0 1
-12.5 17.5 1
-12.5 20.0 1
-12.5 22.5 1
-12.5 25.0 1
-12.5 27.5 1
-12.5 30.0 1
-12.5 32.5 1
-12.5 35.0 1
-12.5 37.5 1
-12.5 40.0 1
-12.5 42.5 1
-12.5 45.0 1
-12.5 47.5 1
-12.5 50.0 1
-10.0 -50.0 1
-10.0 -47.5 1
-10.0 -45.0 1
-10.0 -42.5 1
-10.0 -40.0 1
-10.0 -37.5 1
-10.0 -35.0 1
-10.0 -32.5 1
-10.0 -30.0 1
-10.0 -27.5 1
-10.0 -25.0 1
-10.0 -22.5 1
-10.0 -20.0 1
-10.0 -17.5 1
-10.0 -15.0 1
-10.0 -12.5 1
-10.0 -10.0 1
-10.0 -7.5 1
-10.0 -5.0 1
-10.0 -2.5 1
-10.0 0.0 1
-10.0 2.5 1
-10.0 5.0 1
-10.0 7.5 1
-10.0 10.0 1
-10.0 12.5 1
-10.0 15.0 1
-10.0 17.5 1
-10.0 20.0 1
-10.0 22.5 1
-10.0 25.0 1
-10.0 27.5 1
-10.0 30.0 1
-10.0 32.5 1
-10.0 35.0 1
-10.0 37.5 1
-10.0 40.0 1
-10.0 42.5 1
-10.0 45.0 1
-10.0 47.5 1
-10.0 50.0 1
-7.5 -50.0 1
-7.5 -47.5 1
-7.5 -45.0 1
-7.5 -42.5 1
-7.5 -40.0 1
-7.5 -37.5 1
-7.5 -35.0 1
-7.5 -32.5 1
-7.5 -30.0 1
-7.5 -27.5 1
-7.5 -25.0 1
-7.5 -22.5 1
-7.5 -20.0 1
-7.5 -17.5 1
-7.5 -15.0 1
-7.5 -12.5 1
-7.5 -10.0 1
-7.5 -7.5 1
-7.5 -5.0 1
-7.5 -2.5 1
-7.5 0.0 1
-7.5 2.5 1
-7.5 5.0 1
-7.5 7.5 1
-7.5 10.0 1
-7.5 12.5 1
-7.5 15.0 1
-7.5 17.5 1
-7.5 20.0 1
-7.5 22.5 1
-7.5 25.0 1
-7.5 27.5 1
-7.5 30.0 1
-7.5 32.5 1
-7.5 35.0 1
-7.5 37.5 1
-7.5 40.0 1
-7.5 42.5 1
-7.5 45.0 1
-7.5 47.5 1
-7.5 50.0 1
-5.0 -50.0 1
-5.0 -47.5 1
-5.0 -45.0 1
-5.0 -42.5 1
-5.0 -40.0 1
-5.0 -37.5 1
-5.0 -35.0 1
-5.0 -32.5 1
-5.0 -30.0 1
-5.0 -27.5 1
-5.0 -25.0 1
-5.0 -22.5 1
-5.0 -20.0 1
-5.0 -17.5 1
-5.0 -15.0 1
-5.0 -12.5 1
-5.0 -10.0 1
-5.0 -7.5 1
-5.0 -5.0 1
-5.0 -2.5 1
-5.0 0.0 1
-5.0 2.5 1
-5.0 5.0 1
-5.0 7.5 1
-5.0 10.0 1
-5.0 12.5 1
-5.0 15.0 1
-5.0 17.5 1
-5.0 20.0 1
-5.0 22.5 1
-5.0 25.0 1
-5.0 27.5 1
-5.0 30.0 1
-5.0 32.5 1
-5.0 35.0 1
-5.0 37.5 1
-5.0 40.0 1
-5.0 42.5 1
-5.0 45.0 1
-5.0 47.5 1
-5.0 50.0 1
-2.5 -50.0 1
-2.5 -47.5 1
-2.5 -45.0 1
-2.5 -42.5 1
-2.5 -40.0 1
-2.5 -37.5 1
-2.5 -35.0 1
-2.5 -32.5 1
-2.5 -30.0 1
-2.5 -27.5 1
-2.5 -25.0 1
-2.5 -22.5 1
-2.5 -20.0 1
-2.5 -17.5 1
-2.5 -15.0 1
-2.5 -12.5 1
-2.5 -10.0 1
-2.5 -7.5 1
-2.5 -5.0 1
-2.5 -2.5 1
-2.5 0.0 1
-2.5 2.5 1
-2.5 5.0 1
-2.5 7.5 1
-2.5 10.0 1
-2.5 12.5 1
-2.5 15.0 1
-2.5 17.5 1
-2.5 20.0 1
-2.5 22.5 1
-2.5 25.0 1
-2.5 27.5 1
-2.5 30.0 1
-2.5 32.5 1
-2.5 35.0 1
-2.5 37.5 1
-2.5 40.0 1
-2.5 42.5 1
-2.5 45.0 1
-2.5 47.5 1
-2.5 50.0 1
0.0 -50.0 1
0.0 -47.5 1
0.0 -45.0 1
0.0 -42.5 1
0.0 -40.0 1
0.0 -37.5 1
0.0 -35.0 1
0.0 -32.5 1
0.0 -30.0 1
0.0 -27.5 1
0.0 -25.0 1
0.0 -22.5 1
0.0 -20.0 1
0.0 -17.5 1
0.0 -15.0 1
0.0 -12.5 1
0.0 -10.0 1
0.0 -7.5 1
0.0 -5.0 1
0.0 -2.5 1
0.0 0.0 1
0.0 2.5 1
0.0 5.0 1
0.0 7.5 1
0.0 10.0 1
0.0 12.5 1
0.0 15.0 1
0.0 17.5 1
0.0 20.0 1
0.0 22.5 1
0.0 25.0 1
0.0 27.5 1
0.0 30.0 1
0.0 32.5 1
0.0 35.0 1
0.0 37.5 1
0.0 40.0 1
0.0 42.5 1
0.0 45.0 1
0.0 47.5 1
0.0 50.0 1
2.5 -50.0 1
2.5 -47.5 1
2.5 -45.0 1
2.5 -42.5 1
2.5 -40.0 1
2.5 -37.5 1
2.5 -35.0 1
2.5 -32.5 1
2.5 -30.0 1
2.5 -27.5 1
2.5 -25.0 1
2.5 -22.5 1
2.5 -20.0 1
2.5 -17.5 1
2.5 -15.0 1
2.5 -12.5 1
2.5 -10.0 1
2.5 -7.5 1
2.5 -5.0 1
2.5 -2.5 1
2.5 0.0 1
2.5 2.5 1
2.5 5.0 1
2.5 7.5 1
2.5 10.0 1
2.5 12.5 1
2.5 15.0 1
2.5 17.5 1
2.5 20.0 1
2.5 22.5 1
2.5 25.0 1
2.5 27.5 1
2.5 30.0 1
2.5 32.5 1
2.5 35.0 1
2.5 37.5 1
2.5 40.0 1
2.5 42.5 1
2.5 45.0 1
2.5 47.5 1
2.5 50.0 1
5.0 -50.0 1
5.0 -47.5 1
5.0 -45.0 1
5.0 -42.5 1
5.0 -40.0 1
5.0 -37.5 1
5.0 -35.0 1
5.0 -32.5 1
5.0 -30.0 1
5.0 -27.5 1
5.0 -25.0 1
5.0 -22.5 1
5.0 -20.0 1
5.0 -17.5 1
5.0 -15.0 1
5.0 -12.5 1
5.0 -10.0 1
5.0 -7.5 1
5.0 -5.0 1
5.0 -2.5 1
5.0 0.0 1
5.0 2.5 1
5.0 5.0 1
5.0 7.5 1
5.0 10.0 1
5.0 12.5 1
5.0 15.0 1
5.0 17.5 1
5.0 20.0 1
5.0 22.5 1
5.0 25.0 1
5.0 27.5 1
5.0 30.0 1
5.0 32.5 1
5.0 35.0 1
5.0 37.5 1
5.0 40.0 1
5.0 42.5 1
5.0 45.0 1
5.0 47.5 1
5.0 50.0 1
7.5 -50.0 1
7.5 -47.5 1
7.5 -45.0 1
7.5 -42.5 1
7.5 -40.0 1
7.5 -37.5 1
7.5 -35.0 1
7.5 -32.5 1
7.5 -30.0 1
7.5 -27.5 1
7.5 -25.0 1
7.5 -22.5 1
7.5 -20.0 1
7.5 -17.5 1
7.5 -15.0 1
7.5 -12.5 1
7.5 -10.0 1
7.5 -7.5 1
7.5 -5.0 1
7.5 -2.5 1
7.5 0.0 1
7.5 2.5 1
7.5 5.0 1
7.5 7.5 1
7.5 10.0 1
7.5 12.5 1
7.5 15.0 1
7.5 17.5 1
7.5 20.0 1
7.5 22.5 1
7.5 25.0 1
7.5 27.5 1
7.5 30.0 1
7.5 32.5 1
7.5 35.0 1
7.5 37.5 1
7.5 40.0 1
7.5 42.5 1
7.5 45.0 1
7.5 47.5 1
7.5 50.0 1
10.0 -50.0 1
10.0 -47.5 1
10.0 -45.0 1
10.0 -42.5 1
10.0 -40.0 1
10.0 -37.5 1
10.0 -35.0 1
10.0 -32.5 1
10.0 -30.0 1
10.0 -27.5 1
10.0 -25.0 1
10.0 -22.5 1
10.0 -20.0 1
10.0 -17.5 1
10.0 -15.0 1
10.0 -12.5 1
10.0 -10.0 1
10.0 -7.5 1
10.0 -5.0 1
10.0 -2.5 1
10.0 0.0 1
10.0 2.5 1
10.0 5.0 1
10.0 7.5 1
10.0 10.0 1
10.0 12.5 1
10.0 15.0 1
10.0 17.5 1
10.0 20.0 1
10.0 22.5 1
10.0 25.0 1
10.0 27.5 1
10.0 30.0 1
10.0 32.5 1
10.0 35.0 1
10.0 37.5 1
10.0 40.0 1
10.0 42.5 1
10.0 45.0 1
10.0 47.5 1
10.0 50.0 1
12.5 -50.0 1
12.5 -47.5 1
12.5 -45.0 1
12.5 -42.5 1
12.5 -40.0 1
12.5 -37.5 1
12.5 -35.0 1
12.5 -32.5 1
12.5 -30.0 1
12.5 -27.5 1
12.5 -25.0 1
12.5 -22.5 1
12.5 -20.0 1
12.5 -17.5 1
12.5 -15.0 1
12.5 -12.5 1
12.5 -10.0 1
12.5 -7.5 1
12.5 -5.0 1
12.5 -2.5 1
12.5 0.0 1
12.5 2.5 1
12.5 5.0 1
12.5 7.5 1
12.5 10.0 1
12.5 12.5 1
12.5 15.0 1
12.5 17.5 1
12.5 20.0 1
12.5 22.5 1
12.5 25.0 1
12.5 27.5 1
12.5 30.0 1
12.5 32.5 1
12.5 35.0 1
12.5 37.5 1
12.5 40.0 1
12.5 42.5 1
12.5 45.0 1
12.5 47.5 1
12.5 50.0 1
15.0 -50.0 1
15.0 -47.5 1
15.0 -45.0 1
15.0 -42.5 1
15.0 -40.0 1
15.0 -37.5 1
15.0 -35.0 1
15.0 -32.5 1
15.0 -30.0 1
15.0 -27.5 1
15.0 -25.0 1
15.0 -22.5 1
15.0 -20.0 1
15.0 -17.5 1
15.0 -15.0 1
15.0 -12.5 1
15.0 -10.0 1
15.0 -7.5 1
15.0 -5.0 1
15.0 -2.5 1
15.0 0.0 1
15.0 2.5 1
15.0 5.0 1
15.0 7.5 1
15.0 10.0 1
15.0 12.5 1
15.0 15.0 1
15.0 17.5 1
15.0 20.0 1
15.0 22.5 1
15.0 25.0 1
15.0 27.5 1
15.0 30.0 1
15.0 32.5 1
15.0 35.0 1
15.0 37.5 1
15.0 40.0 1
15.0 42.5 1
15.0 45.0 1
15.0 47.5 1
15.0 50.0 1
17.5 -50.0 1
17.5 -47.5 1
17.5 -45.0 1
17.5 -42.5 1
17.5 -40.0 1
17.5 -37.5 1
17.5 -35.0 1
17.5 -32.5 1
17.5 -30.0 1
17.5 -27.5 1
17.5 -25.0 1
17.5 -22.5 1
17.5 -20.0 1
17.5 -17.5 1
17.5 -15.0 1
17.5 -12.5 1
17.5 -10.0 1
17.5 -7.5 1
17.5 -5.0 1
17.5 -2.5 1
17.5 0.0 1
17.5 2.5 1
17.5 5.0 1
17.5 7.5 1
17.5 10.0 1
17.5 12.5 1
17.5 15.0 1
17.5 17.5 1
17.5 20.0 1
17.5 22.5 1
17.5 25.0 1
17.5 27.5 1
17.5 30.0 1
17.5 32.5 1
17.5 35.0 1
17.5 37.5 1
17.5 40.0 1
17.5 42.5 1
17.5 45.0 1
17.5 47.5 1
17.5 50.0 1
20.0 -50.0 1
20.0 -47.5 1
20.0 -45.0 1
20.0 -42.5 1
20.0 -40.0 1
20.0 -37.5 1
20.0 -35.0 1
20.0 -32.5 1
20.0 -30.0 1
20.0 -27.5 1
20.0 -25.0 1
20.0 -22.5 1
20.0 -20.0 1
20.0 -17.5 1
20.0 -15.0 1
20.0 -12.5 1
20.0 -10.0 1
20.0 -7.5 1
20.0 -5.0 1
20.0 -2.5 1
20.0 0.0 1
20.0 2.5 1
20.0 5.0 1
20.0 7.5 1
20.0 10.0 1
20.0 12.5 1
20.0 15.0 1
20.0 17.5 1
20.0 20.0 1
20.0 22.5 1
20.0 25.0 1
20.0 27.5 1
20.0 30.0 1
20.0 32.5 1
20.0 35.0 1
20.0 37.5 1
20.0 40.0 1
20.0 42.5 1
20.0 45.0 1
20.0 47.5 1
20.0 50.0 1
22.5 -50.0 1
22.5 -47.5 1
22.5 -45.0 1
22.5 -42.5 1
22.5 -40.0 1
22.5 -37.5 1
22.5 -35.0 1
22.5 -32.5 1
22.5 -30.0 1
22.5 -27.5 1
22.5 -25.0 1
22.5 -22.5 1
22.5 -20.0 1
22.5 -17.5 1
22.5 -15.0 1
22.5 -12.5 1
22.5 -10.0 1
22.5 -7.5 1
22.5 -5.0 1
22.5 -2.5 1
22.5 0.0 1
22.5 2.5 1
22.5 5.0 1
22.5 7.5 1
22.5 10.0 1
22.5 12.5 1
22.5 15.0 1
22.5 17.5 1
22.5 20.0 1
22.5 22.5 1
22.5 25.0 1
22.5 27.5 1
22.5 30.0 1
22.5 32.5 1
22.5 35.0 1
22.5 37.5 1
22.5 40.0 1
22.5 42.5 1
22.5 45.0 1
22.5 47.5 1
22.5 50.0 1
25.0 -50.0 1
25.0 -47.5 1
25.0 -45.0 1
25.0 -42.5 1
25.0 -40.0 1
25.0 -37.5 1
25.0 -35.0 1
25.0 -32.5 1
25.0 -30.0 1
25.0 -27.5 1
25.0 -25.0 1
25.0 -22.5 1
25.0 -20.0 1
25.0 -17.5 1
25.0 -15.0 1
25.0 -12.5 1
25.0 -10.0 1
25.0 -7.5 1
25.0 -5.0 1
25.0 -2.5 1
25.0 0.0 1
25.0 2.5 1
25.0 5.0 1
25.0 7.5 1
25.0 10.0 1
25.0 12.5 1
25.0 15.0 1
25.0 17.5 1
25.0 20.0 1
25.0 22.5 1
25.0 25.0 1
25.0 27.5 1
25.0 30.0 1
25.0 32.5 1
25.0 35.0 1
25.0 37.5 1
25.0 40.0 1
25.0 42.5 1
25.0 45.0 1
25.0 47.5 1
25.0 50.0 1
27.5 -50.0 1
27.5 -47.5 1
27.5 -45.0 1
27.5 -42.5 1
27.5 -40.0 1
27.5 -37.5 1
27.5 -35.0 1
27.5 -32.5 1
27.5 -30.0 1
27.5 -27.5 1
27.5 -25.0 1
27.5 -22.5 1
27.5 -20.0 1
27.5 -17.5 1
27.5 -15.0 1
27.5 -12.5 1
27.5 -10.0 1
27.5 -7.5 1
27.5 -5.0 1
27.5 -2.5 1
27.5 0.0 1
27.5 2.5 1
27.5 5.0 1
27.5 7.5 1
27.5 10.0 1
27.5 12.5 1
27.5 15.0 1
27.5 17.5 1
27.5 20.0 1
27.5 22.5 1
27.5 25.0 1
27.5 27.5 1
27.5 30.0 1
27.5 32.5 1
27.5 35.0 1
27.5 37.5 1
27.5 40.0 1
27.5 42.5 1
27.5 45.0 1
27.5 47.5 1
27.5 50.0 1
30.0 -50.0 1
30.0 -47.5 1
30.0 -45.0 1
30.0 -42.5 1
30.0 -40.0 1
30.0 -37.5 1
30.0 -35.0 1
30.0 -32.5 1
30.0 -30.0 1
30.0 -27.5 1
30.0 -25.0 1
30.0 -22.5 1
30.0 -20.0 1
30.0 -17.5 1
30.0 -15.0 1
30.0 -12.5 1
30.0 -10.0 1
30.0 -7.5 1
30.0 -5.0 1
30.0 -2.5 1
30.0 0.0 1
30.0 2.5 1
30.0 5.0 1
30.0 7.5 1
30.0 10.0 1
30.0 12.5 1
30.0 15.0 1
30.0 17.5 1
30.0 20.0 1
30.0 22.5 1
30.0 25.0 1
30.0 27.5 1
30.0 30.0 1
30.0 32.5 1
30.0 35.0 1
30.0 37.5 1
30.0 40.0 1
30.0 42.5 1
30.0 45.0 1
30.0 47.5 1
30.0 50.0 1
32.5 -50.0 1
32.5 -47.5 1
32.5 -45.0 1
32.5 -42.5 1
32.5 -40.0 1
32.5 -37.5 1
32.5 -35.0 1
32.5 -32.5 1
32.5 -30.0 1
32.5 -27.5 1
32.5 -25.0 1
32.5 -22.5 1
32.5 -20.0 1
32.5 -17.5 1
32.5 -15.0 1
32.5 -12.5 1
32.5 -10.0 1
32.5 -7.5 1
32.5 -5.0 1
32.5 -2.5 1
32.5 0.0 1
32.5 2.5 1
32.5 5.0 1
32.5 7.5 1
32.5 10.0 1
32.5 12.5 1
32.5 15.0 1
32.5 17.5 1
32.5 20.0 1
32.5 22.5 1
32.5 25.0 1
32.5 27.5 1
32.5 30.0 1
32.5 32.5 1
32.5 35.0 1
32.5 37.5 1
32.5 40.0 1
32.5 42.5 1
32.5 45.0 1
32.5 47.5 1
32.5 50.0 1
35.0 -50.0 1
35.0 -47.5 1
35.0 -45.0 1
35.0 -42.5 1
35.0 -40.0 1
35.0 -37.5 1
35.0 -35.0 1
35.0 -32.5 1
35.0 -30.0 1
35.0 -27.5 1
35.0 -25.0 1
35.0 -22.5 1
35.0 -20.0 1
35.0 -17.5 1
35.0 -15.0 1
35.0 -12.5 1
35.0 -10.0 1
35.0 -7.5 1
35.0 -5.0 1
35.0 -2.5 1
35.0 0.0 1
35.0 2.5 1
35.0 5.0 1
35.0 7.5 1
35.0 10.0 1
35.0 12.5 1
35.0 15.0 1
35.0 17.5 1
35.0 20.0 1
35.0 22.5 1
35.0 25.0 1
35.0 27.5 1
35.0 30.0 1
35.0 32.5 1
35.0 35.0 1
35.0 37.5 1
35.0 40.0 1
35.0 42.5 1
35.0 45.0 1
35.0 47.5 1
35.0 50.0 1
37.5 -50.0 1
37.5 -47.5 1
37.5 -45.0 1
37.5 -42.5 1
37.5 -40.0 1
37.5 -37.5 1
37.5 -35.0 1
37.5 -32.5 1
37.5 -30.0 1
37.5 -27.5 1
37.5 -25.0 1
37.5 -22.5 1
37.5 -20.0 1
37.5 -17.5 1
37.5 -15.0 1
37.5 -12.5 1
37.5 -10.0 1
37.5 -7.5 1
37.5 -5.0 1
37.5 -2.5 1
37.5 0.0 1
37.5 2.5 1
37.5 5.0 1
37.5 7.5 1
37.5 10.0 1
37.5 12.5 1
37.5 15.0 1
37.5 17.5 1
37.5 20.0 1
37.5 22.5 1
37.5 25.0 1
37.5 27.5 1
37.5 30.0 1
37.5 32.5 1
37.5 35.0 1
37.5 37.5 1
37.5 40.0 1
37.5 42.5 1
37.5 45.0 1
37.5 47.5 1
37.5 50.0 1
40.0 -50.0 1
40.0 -47.5 1
40.0 -45.0 1
40.0 -42.5 1
40.0 -40.0 1
40.0 -37.5 1
40.0 -35.0 1
40.0 -32.5 1
40.0 -30.0 1
40.0 -27.5 1
40.0 -25.0 1
40.0 -22.5 1
40.0 -20.0 1
40.0 -17.5 1
40.0 -15.0 1
40.0 -12.5 1
40.0 -10.0 1
40.0 -7.5 1
40.0 -5.0 1
40.0 -2.5 1
40.0 0.0 1
40.0 2.5 1
40.0 5.0 1
40.0 7.5 1
40.0 10.0 1
40.0 12.5 1
40.0 15.0 1
40.0 17.5 1
40.0 20.0 1
40.0 22.5 1
40.0 25.0 1
40.0 27.5 1
40.0 30.0 1
40.0 32.5 1
40.0 35.0 1
40.0 37.5 1
40.0 40.0 1
40.0 42.5 1
40.0 45.0 1
40.0 47.5 1
40.0 50.0 1
42.5 -50.0 1
42.5 -47.5 1
42.5 -45.0 1
42.5 -42.5 1
42.5 -40.0 1
42.5 -37.5 1
42.5 -35.0 1
42.5 -32.5 1
42.5 -30.0 1
42.5 -27.5 1
42.5 -25.0 1
42.5 -22.5 1
42.5 -20.0 1
42.5 -17.5 1
42.5 -15.0 1
42.5 -12.5 1
42.5 -10.0 1
42.5 -7.5 1
42.5 -5.0 1
42.5 -2.5 1
42.5 0.0 1
42.5 2.5 1
42.5 5.0 1
42.5 7.5 1
42.5 10.0 1
42.5 12.5 1
42.5 15.0 1
42.5 17.5 1
42.5 20.0 1
42.5 22.5 1
42.5 25.0 1
42.5 27.5 1
42.5 30.0 1
42.5 32.5 1
42.5 35.0 1
42.5 37.5 1
42.5 40.0 1
42.5 42.5 1
42.5 45.0 1
42.5 47.5 1
42.5 50.0 1
45.0 -50.0 1
45.0 -47.5 1
45.0 -45.0 1
45.0 -42.5 1
45.0 -40.0 1
45.0 -37.5 1
45.0 -35.0 1
45.0 -32.5 1
45.0 -30.0 1
45.0 -27.5 1
45.0 -25.0 1
45.0 -22.5 1
45.0 -20.0 1
45.0 -17.5 1
45.0 -15.0 1
45.0 -12.5 1
45.0 -10.0 1
45.0 -7.5 1
45.0 -5.0 1
45.0 -2.5 1
45.0 0.0 1
45.0 2.5 1
45.0 5.0 1
45.0 7.5 1
45.0 10.0 1
45.0 12.5 1
45.0 15.0 1
45.0 17.5 1
45.0 20.0 1
45.0 22.5 1
45.0 25.0 1
45.0 27.5 1
45.0 30.0 1
45.0 32.5 1
45.0 35.0 1
45.0 37.5 1
45.0 40.0 1
45.0 42.5 1
45.0 45.0 1
45.0 47.5 1
45.0 50.0 1
47.5 -50.0 1
47.5 -47.5 1
47.5 -45.0 1
47.5 -42.5 1
47.5 -40.0 1
47.5 -37.5 1
47.5 -35.0 1
47.5 -32.5 1
47.5 -30.0 1
47.5 -27.5 1
47.5 -25.0 1
47.5 -22.5 1
47.5 -20.0 1
47.5 -17.5 1
47.5 -15.0 1
47.5 -12.5 1
47.5 -10.0 1
47.5 -7.5 1
47.5 -5.0 1
47.5 -2.5 1
47.5 0.0 1
47.5 2.5 1
47.5 5.0 1
47.5 7.5 1
47.5 10.0 1
47.5 12.5 1
47.5 15.0 1
47.5 17.5 1
47.5 20.0 1
47.5 22.5 1
47.5 25.0 1
47.5 27.5 1
47.5 30.0 1
47.5 32.5 1
47.5 35.0 1
47.5 37.5 1
47.5 40.0 1
47.5 42.5 1
47.5 45.0 1
47.5 47.5 1
47.5 50.0 1
50.0 -50.0 1
50.0 -47.5 1
50.0 -45.0 1
50.0 -42.5 1
50.0 -40.0 1
50.0 -37.5 1
50.0 -35.0 1
50.0 -32.5 1
50.0 -30.0 1
50.0 -27.5 1
50.0 -25.0 1
50.0 -22.5 1
50.0 -20.0 1
50.0 -17.5 1
50.0 -15.0 1
50.0 -12.5 1
50.0 -10.0 1
50.0 -7.5 1
50.0 -5.0 1
50.0 -2.5 1
50.0 0.0 1
50.0 2.5 1
50.0 5.0 1
50.0 7.5 1
50.0 10.0 1
50.0 12.5 1
50.0 15.0 1
50.0 17.5 1
50.0 20.0 1
50.0 22.5 1
50.0 25.0 1
50.0 27.5 1
50.0 30.0 1
50.0 32.5 1
50.0 35.0 1
50.0 37.5 1
50.0 40.0 1
50.0 42.5 1
50.0 45.0 1
50.0 47.5 1
50.0 50.0 1
