[Elements] 
Hydrogen  Carbon Nitrogen Oxygen Sodium Magnesium Phosphor Sulfur 
Chlorine Potassium Calcium Iron Iodine Argon Titanium  
[/Elements]
# ===============================================================================
#         H	C    N	  O   Na  Mg   P   S   Cl  K   Ca  Fe  I   Ar  Ti       
# ===============================================================================
 -1010    0    0    75.5 23.2   0   0   0   0  0  0  0  0   0  1.3  0     Air     
  -950  10.3  10.5  3.1  74.9  0.2  0  0.2  0.3  0.3  0.2  0  0  0  0  0    Lung
  -851  10.3  10.5  3.1  74.9  0.2  0  0.2  0.3  0.3  0.2  0  0  0  0  0      Lungdeflated1
  -737  10.3  10.5  3.1  74.9  0.2  0  0.2  0.3  0.3  0.2  0  0  0  0  0      Lungdeflated2
  -594  10.3  10.5  3.1  74.9  0.2  0  0.2  0.3  0.3  0.2  0  0  0  0  0      Lungdeflated3
   -250  11.6  68.1  0.2  19.8  0.1  0  0  0.1  0.1  0  0  0  0  0  0    Adiposetissue3   
   -63  11.4  59.8  0.7  27.8  0.1  0  0  0.1  0.1  0  0  0  0  0  0    Adiposetissue2   
   -40  11.2  51.7  1.3  35.5  0.1  0  0  0.1  0.1  0  0  0  0  0  0    Adiposetissue1
   -21  10.9  50.6  2.3  35.8  0.1  0  0.1  0.1  0.1  0  0  0  0  0  0    Mammarygland1
    19  10.6  33.2  3  52.7  0.1  0  0.1  0.2  0.1  0  0  0  0  0  0    Mammarygland2
    28  10.5  41.4  3.4  43.9  0  0  0.1  0.2  0.2  0.2  0  0.1  0  0  0    Redmarrow
    45  10.3  13.4  3.0  72.3  0.2  0   0.2   0.2  0.2  0.2   0  0  0  0  0    SoftTissue
   122  9.4  20.7  6.2  62.2  0.6  0  0  0.6  0.3  0  0  0  0  0  0    ConnectiveTissue
#
#  200    8.9 42.3  2.7 36.3 0.1  0   3.0 0.1 0.1  0  0.1  6.4 0   0  Marrow_Bone02   
#  300    8.2 39.1  2.9 37.2 0.1  0   3.9 0.1 0.1  0  0.1  8.3 0   0  Marrow_Bone03  
#
   230  7.8  31.6  3.7  43.8  0  0.1  4  0.2  0.1  0.1  8.5  0.1  0  0  0    Sternum 
   469  7.4  30.2  3.7  43.8  0  0.1  4.5  0.2  0.1  0.1  9.8  0.1  0  0  0    Sacrummale 
   529  7.1  25.8  3.6  47.2  0.1  0.1  5.1  0.3  0.1  0.1  10.5  0  0  0  0    Vertcolwhole
   635  6.6  27.1  3.8  43.5  0.1  0.1  5.8  0.3  0.1  0.1  12.5  0  0  0  0    Sacrumfemale
   686  6.3  26.1  3.9  43.6  0.1  0.1  6.1  0.3  0.1  0.1  13.3  0  0  0  0    VertcolC4exclcartilage
   767  6  31.3  3.1  37  0.1  0.1  7  0.2  0  0  15.2  0  0  0  0    Claviclescapula
  1011  5  21.2  4  43.5  0.1  0.2  8.1  0.3  0  0  17.6  0  0  0  0    Cranium   
  1125  4.6  19.9  4.1  43.5  0.1  0.2  8.6  0.3  0  0  18.7  0  0  0  0    Mandible   
  1250  4.2  20.4  3.8  41.5  0.1  0.2  9.3  0.3  0  0  20.2  0  0  0  0    Femurcylindricalshaft  
  1534  3.4  15.5  4.2  43.5  0.1  0.2  10.3  0.3  0  0  22.5  0  0  0  0    Corticalbone
  3100   0   0     0   0    0   0   0    0    0   0   0    0  0  0  100    MetallImplants
