[Elements] 
Hydrogen  Carbon Nitrogen Oxygen Sodium Magnesium Phosphor Sulfur 
Chlorine Argon Potassium Calcium 
Titanium Copper Zinc  Silver Tin  
[/Elements]
# ===============================================================================
# HU      H    C    N    O   Na  Mg   P   S   Cl  Ar  K   Ca  Ti  Cu Zn  Ag  Sn
# ===============================================================================
 -1010    0    0  75.5 23.2  0   0    0   0   0  1.3  0    0  0   0  0   0   0      Air       
  -950  10.3 10.5  3.1 74.9 0.2  0   0.2 0.3 0.3  0  0.2   0  0   0  0   0   0      Lung
  -736  10.3 10.5  3.1 74.9 0.2  0   0.2 0.3 0.3  0  0.2   0  0   0  0   0   0      Lungdeflated
  -85  11.6  68.1  0.2 19.8  0.1  0   0   0.1  0.1  0   0    0  0   0  0   0   0    Adiposetissue3   
  -62  11.4  59.8  0.7 27.8  0.1  0   0   0.1  0.1  0   0    0  0   0  0   0   0    Adiposetissue2    
  -38  11.2  51.7  1.3 35.5  0.1  0   0   0.1  0.1  0   0    0  0   0  0   0   0    Adiposetissue1    
  -19  10.9  50.6  2.3 35.8  0.1  0   0.1  0.1 0.1  0   0    0  0   0  0   0   0    Mammarygland1
   20  10.6  33.2  3.0 52.7  0.1  0   0.1  0.2 0.1  0   0    0  0   0  0   0   0    Mammarygland2
   37  11.1   0    0  88.0   0.5  0   0    0   0.4  0   0    0  0   0  0   0   0    BrainCerebrospinalfluid
   46  10.3  13.4  3.0 72.3  0.2  0   0.2   0.2 0.2  0  0.2   0  0   0  0   0   0      SoftTissue
  123   9.4 20.7  6.2 62.2 0.6   0    0  0.6 0.3  0  0.0   0  0   0  0   0   0      ConnectiveTissue
  200    8.9 42.3  2.7 36.3 0.1  0   3.0 0.1 0.1  0  0.1  6.4 0   0  0   0   0  Marrow_Bone02   
  300    8.2 39.1  2.9 37.2 0.1  0   3.9 0.1 0.1  0  0.1  8.3 0   0  0   0   0  Marrow_Bone03  
  394    7.8 31.6  3.7 43.8 0   0.1  4.0 0.2 0.1  0   0.1 8.6 0   0  0   0   0  Sternum 
  521    7.1 25.8  3.6 47.2 0.1 0.1  5.1 0.3 0.1  0   0.1 10.5 0   0  0   0   0  Vertcolwhole
  605    6.6 24.3  3.7 47.1 0.1 0.1  5.7 0.3  0.1   0   0.1  11.9 0   0  0   0   0  C4inclcartilagemale
  702    6.3 33.1  2.9 36.3 0.1 0.1  6.6 0.2  0   0   0  14.4 0   0  0   0   0  Femurwholespecism   
  803    5.8 30.1  3.2 37.4 0.1 0.2  7.2 0.2  0   0   0  15.8 0   0  0   0   0   Humeruscylindricalshaft   
  994    5.0 21.2  4.0 43.5 0.1 0.2  8.1 0.3  0   0   0  17.6 0   0  0   0   0  Cranium   
  1106   4.6 19.9  4.1 43.5 0.1 0.2  8.6 0.3  0   0   0  18.7 0   0  0   0   0  Mandible   
  1228   4.2 20.4  3.8 41.5 0.1 0.2  9.3 0.3  0   0   0  20.2 0   0  0   0   0  Femurcylindricalshaft   
  1507   3.4 15.5  4.2 43.5 0.1 0.2 10.3 0.3  0   0   0  22.5 0   0  0   0   0  Corticalbone  
  2300   0   0     0   0    0   0   0    0    0   0   0    0  100  0  0  0   0  MetallImplants
  3000   0   0     0   0    0   0   0    0    0   0   0    0  100  0  0  0   0  MetallImplants
  3100   0   0     0   0    0   0   0    0    0   0   0    0  100  0  0  0   0  MetallImplants
