# Output calculted for the following parameters:
# Energy	155 MeV
# Particle	proton

# And for the following materials
Material	Density		e-density	RadLength	I	EM-DEDX		Nucl-DEDX	Tot-DEDX	Mu_mass
		(g/cm³)		(e-/mm³)	(mm)		(eV)	(MeV.cm²/g)	(MeV.cm²/g)	(MeV.cm²/g)	(cm²/g)
worldDefaultAir		0.00129		3.88234e+17	285161		85.7031	4.71741		0	4.71741		0
Air		0.00129		3.87726e+17	283896		85.6694	4.71149		0	4.71149		0
Vacuum		1e-09		5.96252e+11	6.31723e+11		19.2	11.0758		0	11.0758		0
Water		1		3.34192e+20	360.924		78	5.30107		0	5.30107		0
Lungdeflated		0.26		8.61571e+19	1405.12		69.7265	5.3265		0	5.3265		0
Adiposetissue3		0.93		3.11687e+20	452.526		62.0319	5.46496		0	5.46496		0
Adiposetissue2		0.95		3.17847e+20	434.006		63.0456	5.44489		0	5.44489		0
Adiposetissue1		0.97		3.23985e+20	416.844		64.0525	5.42508		0	5.42508		0
Yellowmarrow		0.98		3.28163e+20	425.624		62.4752	5.45554		0	5.45554		0
Mammarygland1		0.99		3.2978e+20	406.895		64.5868	5.40517		0	5.40517		0
Mammarygland2		1.02		3.38912e+20	378.925		66.7131	5.37006		0	5.37006		0
Redmarrow		1.03		3.41871e+20	380.489		66.2081	5.36949		0	5.36949		0
BrainCerebrospinalfluid		1.01		3.37092e+20	355.559		69.466	5.36685		0	5.36685		0
Adrenalgland		1.03		3.42579e+20	372.42		66.8954	5.37355		0	5.37355		0
Smallintestinewall		1.03		3.42272e+20	357.198		68.9503	5.34869		0	5.34869		0
Urine		1.02		3.40086e+20	351.202		69.6675	5.35958		0	5.35958		0
Gallbladderbile		1.03		3.42852e+20	352.74		69.358	5.35377		0	5.35377		0
Lymph		1.03		3.42868e+20	351.437		69.4797	5.35282		0	5.35282		0
Pancreas		1.04		3.45549e+20	357.166		68.5165	5.35221		0	5.35221		0
Brainwhitematter		1.04		3.455e+20	357.751		68.4283	5.35236		0	5.35236		0
Prostate		1.04		3.45289e+20	351.751		69.3861	5.33981		0	5.33981		0
Testis		1.04		3.45577e+20	351.747		69.2362	5.34568		0	5.34568		0
Braingraymatter		1.04		3.45844e+20	350.431		69.2644	5.34954		0	5.34954		0
Muscleskeletal1		1.05		3.47326e+20	352.63		69.3617	5.32064		0	5.32064		0
Heart1		1.05		3.47942e+20	353.46		68.9624	5.33381		0	5.33381		0
Kidney1		1.05		3.4763e+20	352.12		69.2927	5.32591		0	5.32591		0
Stomach		1.05		3.48294e+20	351.744		69.0491	5.33827		0	5.33827		0
Thyroid		1.05		3.48231e+20	349.194		69.3589	5.33437		0	5.33437		0
Muscleskeletal2		1.05		3.47643e+20	350.626		69.4819	5.32431		0	5.32431		0
Liver1		1.05		3.47924e+20	351.265		69.2919	5.3304		0	5.3304		0
Heart2		1.05		3.48262e+20	350.848		69.1622	5.33673		0	5.33673		0
Aorta		1.05		3.46714e+20	349.863		70.0254	5.3051		0	5.3051		0
Kidney2		1.05		3.47948e+20	350.048		69.4313	5.32941		0	5.32941		0
Muscleskeletal3		1.05		3.47652e+20	348.18		69.8325	5.32111		0	5.32111		0
Heart3		1.05		3.48272e+20	348.103		69.5424	5.33324		0	5.33324		0
Mammarygland3		1.06		3.50996e+20	350.54		69.0597	5.32891		0	5.32891		0
Kidney3		1.05		3.48266e+20	348.184		69.5405	5.33317		0	5.33317		0
Ovary		1.05		3.4858e+20	347.704		69.4749	5.33856		0	5.33856		0
Eyelens		1.07		3.52397e+20	349.464		69.6245	5.2951		0	5.2951		0
Liver2		1.06		3.50928e+20	346.634		69.6159	5.32266		0	5.32266		0
Spleen		1.06		3.51262e+20	345.336		69.6119	5.32768		0	5.32768		0
Trachea		1.06		3.50622e+20	346.077		69.8258	5.31608		0	5.31608		0
Heartbloodfilled		1.06		3.51254e+20	345.906		69.5164	5.32846		0	5.32846		0
Bloodwhole		1.06		3.50944e+20	344.969		69.7995	5.32111		0	5.32111		0
Liver3		1.07		3.53926e+20	342.389		69.9012	5.31529		0	5.31529		0
Skin1		1.09		3.60208e+20	346.408		68.5928	5.3229		0	5.3229		0
Skin2		1.09		3.60223e+20	343.098		69.0501	5.3187		0	5.3187		0
Skin3		1.09		3.60558e+20	339.704		69.3791	5.32045		0	5.32045		0
Connectivetissue		1.12		3.68107e+20	332.982		70.1132	5.27981		0	5.27981		0
Cartilage		1.1		3.62006e+20	324.885		72.1596	5.26798		0	5.26798		0
Sternum		1.25		4.04458e+20	267.754		77.6844	5.13376		0	5.13376		0
Sacrummale		1.29		4.15811e+20	253.929		79.597	5.09895		0	5.09895		0
D6L3inclcartilagem		1.3		4.18636e+20	249.766		80.4057	5.08765		0	5.08765		0
Vertcolwhole		1.33		4.27471e+20	241.387		81.4462	5.06979		0	5.06979		0
VertcolD6L3exclcartilage		1.33		4.27054e+20	240.997		81.6169	5.06363		0	5.06363		0
FemurHumerussphericalhead		1.33		4.27385e+20	242.149		81.0673	5.07207		0	5.07207		0
Femurconicaltrochanter		1.36		4.36184e+20	234.172		82.1286	5.05416		0	5.05416		0
C4inclcartilagemale		1.38		4.4142e+20	227.408		83.8209	5.02763		0	5.02763		0
Sacrumfemale		1.39		4.4459e+20	225.421		83.8325	5.02732		0	5.02732		0
Humeruswholespecimen		1.39		4.44944e+20	226.323		83.2751	5.03573		0	5.03573		0
Ribs2nd6th		1.41		4.50126e+20	220.138		84.8307	5.01034		0	5.01034		0
Innominatemale		1.41		4.49696e+20	219.661		85.1909	5.00293		0	5.00293		0
VertcolC4exclcartilage		1.42		4.52885e+20	217.855		85.2598	5.00242		0	5.00242		0
Femurtotalbone		1.42		4.52817e+20	218.15		85.0962	5.0031		0	5.0031		0
Femurwholespecism		1.43		4.56006e+20	216.327		85.1778	5.00249		0	5.00249		0
Innominatefemale		1.46		4.64276e+20	208.526		86.9547	4.97554		0	4.97554		0
Humerustotalbone		1.46		4.64223e+20	208.869		86.7634	4.97655		0	4.97655		0
Claviclescapula		1.46		4.64223e+20	208.832		86.7765	4.97645		0	4.97645		0
Humeruscylindricalshaft		1.49		4.72848e+20	202.55		87.9157	4.95877		0	4.95877		0
Ribs10th		1.52		4.81468e+20	196.287		89.2228	4.94021		0	4.94021		0
Cranium		1.61		5.07006e+20	180.002		92.7615	4.88754		0	4.88754		0
Mandible		1.68		5.26981e+20	169.671		95.0201	4.8537		0	4.8537		0
Femurcylindricalshaft		1.75		5.4674e+20	159.921		97.5092	4.81856		0	4.81856		0
Corticalbone		1.92		5.95133e+20	140.601		102.82	4.74846		0	4.74846		0
Titanium		4.506		1.24718e+21	35.8708		233	3.7825		0	3.7825		0
